111 . 111111110111111111111111, 111111111111 11111. 111

1111 1111111111 111111, 111111 (11111111111 1111 11111111 11111, 111 1111111111 1111111 11111111, 111111 111111
11111111,11111 111111111111111111111111111111111, 1111111111, 11111111111111111111111111111111111,
111 111111111111, 111 11111111Ὲ11111111111111111 111 1111111111 1111 111 1111111111 1111111, 111 111111
1111111111111111111111, 1111111111 111 111111 4. 11111111 111. 1111 111111 111 111 1111111111]
111. [4. 1111111131 1111 111 &gamer 11111, 11111 11111 11111 111111 (butt 111111, fo 1111 111 1111111 1111
’ 11111111 11111111111111111 111111111111111111111 &stem 11111 111111 111 11111111111111111111111111111
ud> 1111111111 111. 1111111111 1111 11111 1111111 111 111111 11111111
&luth 11 1111111111 111111 1111111 1111111111 111 ubet 1111111111 11111111, 111 111 11111111 111111, menn
1111111111 1111111, 111 1111111111 1111111111111 ges 1111111111 1111111111 111111 11111111 111111, vicie (1111111
11111111111111111111111, 1111111111 1111111111 1111111111 11 1111111 111 1111111111 111 111 11111
1111111111 1111 1111) 111 11111 (11111111, leben, 111 ι2111111111, 111 1111111 11111 111 wige [ellgfeit geqtbcn, -
ettenunge 11111111, mie 11111111, 1111111 111 30. (111. 111 1111 11 111 1111111111111111 flu 1111111111 ges
[1111] 31 111 11111 111 111111111111111111111111, 1111111 1111, 11111 menschen, bie 1111111111 11111111
111 111 1111111111 111111111111111111111111911 1111111,11111111111111111111111111111111[(11111.
1111111111, 111 111111111111111111111111111111111 33,11.], &o roatici) (ebt, 1111111 (aon, 3111111 11111,
boten 1111111 11111, 111 111 11111 11111111, 11 11111 111 1111111111111, 111111 11111 1111111111, 111
111 11111111 1111 11111111, 111111 1111111111, alio 11111111 1111. .
1111111111 36. 1111111. [37, 31] 11111111 111 1111111111
111111111111111 111 1, 1111111 et 1111 1111111, 111 111 ,
111 11111 1111111, νηΐ 1111111111, 111 111Ε1111111111ι 111111111111111111, 6111 11111111 1111111111

1111111111. 111 11 11111111 1111111111, mie 11 1111111 11111111 ’

lenge 1111111111 11, mie 1111111111 111111111111111111

1111 1111111 1111 1111111111, 111 1111111111 1111111111111111111111 11111111. 11111 11111111 111
111, 1111111111 11111111111111111 1111111111 1111111, 11111111 111111, 1111111111 11111111, 111 (1111, 1111
alle 111 111111 1111111111, 111, 1111 11111111 (1111 11111 11111111111111 (111111, 111 111 111 (11111, bas

11111111, 1 111 1111 1111111111 11111111 11111111 ι 111 111 1111111111 naviget, 11111111 111 1111111111

11111111111111111111111111 1111111111181111111 [Βᾶ 11111111, 111 1111111, 1111111, 1111 111 11111 111111
17 1.] 1111111,111111111111111”) 111 111111111131111 1111111, gibet (111 11811111 11111111111111111 111111

111111 111111, &t 1111111111 111111 11111111 mu 11111111. 11111111

salem, 11111 1111111111, [unbem 1111111 1111111, 111 111 fam, 111 11111111111111, 11111111 &efen 1111111111

esea 1111111 111111 1111111111 ’

11111 111111111111111,111111.10.[41],11111111 111,11111111111111111111111111111111111,11111 ’

11111111 11111111 1111111 einen 1111111111 gibet, 111 1111111111, 111 111 1111111111111111 111 11 111111 leben
111111 111 1111, 11111111, 1111111 111), et 11111 belona 11111 11111111 11, 111111 1111111 leben 11111 11111
1111111111 11. - - 1111111, §Damnat 111111111111111111111111111
. 111111, 111 11111 (111111 1111111111.
¹ 1111 111111111111111111111111111111111, [o 11111 mit 1111 111111111111111111 «1111
111111111111111 11111111, 111 1111 1111111111 11111, (11111111, 1111111 111, 11111111 111 1111111111 1111111111
1111111111(11111111111111111111111111111111 1111 111 ,31111 111111 1111111 1111111 11111, 11111111
11111111161111111111111111111111111111111111 1111 aud) 1111111111 111111 1111111 11111111 11111111 ’
’111-11111111111111111111111,111111111111111, 1111111111111161811, (11111111111111111
mle 1111111 mitet 11 11111, 11131111 11111111 111 1111111111, 31111 [111111. 111421, 1111111111
1111111,51111111 111111111111111111111111111111, 1111111 ”nter 111 1111111 1111 111 1111 1111111, einen
11111 11111111 1111111111111. 111111111111111, 1111111111111111), 1111111111
11111111 11111111,1111111111111111111 111 11111 1111111
’ , lid), 111 1111111 11111 11111111,111111111111111111
1111 1111) bem 111111111111111111111111111111 1³0⁶sser 11111 11. 111111111111411 11. 111 11111

1111, fonvenz aue 1111111 1111111 ven 11111 hemath 11111111 ‚au 111 111 1111111111
111 1111111111 111111111111,111111111111111111, 1111111111111111111111111111111.1111111111 '

’ 1111111111111, mam 111 gund, asse gemm„ gnta 111111111111111111111 111111111111111111111.

1111111111 werhen, 111111 1111 bennui) 111 (1111111111
1111 1111 111111 (111111, 111 111 111 11111 nicht 111111
1111151111 11 11111 111 11111 1111111111 allen 11111

11) ΨΜ] 11111111 mm 1-11., corp. ι-τ. ww

 

