, 1111 111 1111111111, 11111111 11 in 1111111111 11111, 111 1111111111 111 11111111 11111

· 1111 PHffiMEL.scn11²rA DOGMfflGA. , 1111

“ 111111111111111111111111111111111111111, fu 1111 111 11111111, 11111111 111 1111111111 1111, 1111111111
pen 1111111111) 11 1111111 11111 111 1111111 11111111 1111111, [811. 15, 5.] 111 mid> 11111 ct 111111 11
111111 11111. 11111111, 1111111, 111 1111, 111111111111111111111,

1111111, 1111 111 111111 111 {huffen 11111111 1111, 111

11111111 1111 11111111 1111111.

1111 11111 111111 met 111 (1111, 111111 111 11 1111-
111111, 11111111 1111111111 1111111111 1111111
111 1111111 11111 111111 (111111 ni 1111111 1111 111η1111ε1118ἓ1111111111ἷ1 gem, 1[11911191111113111111811τ
1111. 111111 111 1111111, 1111 1111 1111 1111111
1111111111111111. 111111111111111111111111 1111111111 1111111, 31 (11111 11111111111111
, 111111 1111, §Deua 1111 1111111111 sein, 111 11111111 glauben, 11111 1111 1111111111 11111111, 111 11111111
11111 1111111111111111, 1111 {inb 111 11111111111111111111 11111111 1111, 11111111111111111111, [111111. 101
1111111111111111, 11111111, 111111111111111111) 11] 111111 111111111111111111111, 111 1111 111
11111111, 31 1111111 11111 1111 1111111111111111 1111111111111111111111111131111.
1111111111 missen, 1111111 111 111111 brand) 111.

111 11 11111111111111111111), 111 1111 11111 23⁰& (13111.
ῑα111111 11111111 111111, 1111111111 111111 111 11111 111 .

’ ᾓηὲαὲαάῗῗ 1ἷὲ111 1111111111 τιῐῐὲῐοῗὲιῗὶῃῆὂξι (1111ᾈῇὠῶῗέ Ι 1111111111 1111111111,1111111111,1>11 111111
1111111111111111111,11111111 111111) 11111, 111 Qube 1111111111 1111111111 1111111111, 1111111111 .-
1111111119 11, 111 111 1111111 1111111 (1111 gefelt 11111, 111 111111 11111111 1111111111, 1111 111 1111 ,
11111111111111111111111111111 glauben 11111 1111ῐί11, 111111 1111 11111111111111 11 111ῐί1) 11111
. 11111, 11111111111111111111111111111111, 111, 11 11 1111111111111111111111111111111111111111111
1111161111[1111111111111111113111111111111 ist, 111111 11 111111111111111111111. &fuich
111 1111111111111111, 111111111111βᾶ1 1111111 111 111111 1111111111111311111111111111111 ἰῇ, 111
. , 111 [ie 11111111111111111111111. 111111111111111 1111111111111,1111111111ἓὲξοίῖἑιηὲῐα1,υ1ηιιῦ1δτιῖῗὶτῲἰίηθρίιι
, 1

111611 (11111 1111 11111111 111. 11111111, 11111111111111 1111111111( 1111111)
111111 im (1111, 111 11111111 11111111111111

111 1111111111 11111, fo 11 higen 11111.

“ ῧθ ωὗῑῖῑῐῐ wit uu θΐῖἰῷῑ &tube 911111 mett! ¹ 1111111111111111111111111111111111111111111 · ” ¹

in bidem ΘΜ mm 1111111 111111111ῐί1), 11111 11111111 (1111111111
111111111,11111111,

1111 1111111111, 5311 111111 (1111111111 111 11111ῑῖ«Μ9111111311αηῦῑῖῑῐῧῐϊῌίθξθαῐϋηῑθ
., 1111111111111111111111, 11111111111111111111 ,11111111 1111111111111111 111) 1191111111
. 111111111111111111111, 111111111111ῗῖ1111111θ 11111111 11111111, 5³0⁰! tt 11111110111111111111111

1111111111, 111611 (11111, 1111111111) 1 1111111 pune W fflssffit ΝΜ (90116 1111111111 111, 111 1³2¹
anruffung 111111 geum mltb, 111111 1111111 11. Sum 1111111, 611111 et 1111111111

, · 111111 11111111, 111 1111111111 111111, 11 11 {nu
1111 1111111111 ist, 311 1111111 (11111 11111111 111, ”nb 11 b⁰⁶¹> 11111111 tmflv 13111 1411111111 111
glauben, (1111111111, 111 11111111, 111 11111111 111 1011 111 51101111 1011 mahen, Qumb wltb 111, 111111
11111111 1111111111 1111111, 11111 11111111, 111 11111 111111 [dnum ”nb blf¹b²1,ffl⁰¹¹ 1111111111 ba ΜΦ mm
11111111, 1111 1111)111111111111111111111111111111 b‘ssnsslfv 1111 1¹¹ fut 1111111111 tugen, bssfi ‘t bfflJ'
get 11 1111111111, 11111 1111 11111111 11111 11111111 1 111111111111111111 ·
mo, 15.] 1111111111111111111,1111111111) 11111 1111 111111111111111111, 111 11111

111111, 111 11 [ott 1111)· 1111111, 111 m, 11111 111111 ξὲηῦὼξξξηῗηῐῐέῗῧέἑϊυξὶῖθὶὲῐῑῶῑξῦκϊῗι ἒῗῧίτῗῶοέἓῶυέ

*ιιι-ιι.-

19) Cous. (11 111 egregio Ρ. Cornelii 8111111111 Afficani maioris . ·
11111111.ΧΧ1’1,49 sq. Ι 80) 111]1111(1111. 1-9. n, corp. 1-1. obest.

 

