444 ’ mm. 44444. scum 4444444444. - 444·

“ 4444444 444 1444 444 44444 1444141, 444 44441444 444 444 4444 1444, 444 444444 444 1441144444 444444, 44 441144

444444, 444 44414 141444 4444414 4441144. 444 4144 4444. 44444 4444441444 444 44444141 144444, 44
§tu 4141441 411474· 1144 444, 444444 444414 41144444, 444 (4444444 94444 41444, 41444. rii. [12] 41144 144 4444
1414 44 44444441, 444 44444 44, 4444444 444 444 644 4144 444444 4114414441 4444441144 4446444414 1441,
644144 411441, 444 44 444444 44414441, ist 4114 4444 444 14144414444444144 1444 4444441444 4444 1414444 444441.-
Σ44444. Ι441444444444441414444444144144444444, mit 31444, 414 4441444444 44414 1414 444444 414. 31444, Det 444 ,

3 “ 44444444 4144444 444 4444444444 44414 4141111144 44444444 44414144441444444144444414444. 6444414414414414

4444444444, 4444 4144444 4144444 444 4444444444 441444, 41444441 44, 444 444 114444 444 141144 3444444444.
441414 44444444 1441144 444 444 ’.1111111444 4444141, 444 ¹ .
4444444444 414 414 44141444 444 444444 (buben. 41444, 64 444 (4441444 444441 1414414444441444444,
4441444 44 14144 14441414 444, 41414 6. 4444144 1441 [414444.
-1444414414444444 4414414414 444 44444414, 4441444 8,12.],4141444414]4144444414. &tem [1. 444. 9, 16.]
4444141444, 64 444 441444 444444, 4441444 14 4444144 414444 4414, 44444 id) 444 (4444441144 41441 4444144.
4444 4141444444 444, 44 444 144444 (444141 4144444441 144 31444 [1444414] 64 44444 444441 44 4444 14144 41441 4444
4441, 444 444444 414 441 (44444441 41444444, 44 4444 in 444, 6444444444 414444 44 (44444444 4444 44 44444444

· 4444144 4444 44444441, 4444 44 44444444 441441. 4444444, 41444 44444 444 414 4144 4144444444 444444144444

, ’ ’ 444441, 44444 4444414441444444441144 4444444 44444 444

31444, 144 [ol 4444 444 41414444444444144, 444 41444 441444 444444, 44444 411414 414· 444, 6444444 4444 444 ,444

4141 444 1444444144 444 4441411444 4444444444 4444441 44444 64 4444 (4444444 44 41, 4444 4444. 110] 444444 4

4444444. mide 44441444 444444, 64 4444 444 44444444 41144 441444 4441, 4444 eug 44444144 14, 64 4444444144
4444 441444, 444 4444444444, 444 4444444 14 4446441444 444 4444144 4144414.

' (4444. xiii. [15.] 444444 in 444444 mit 444 44444444 414

144441, (4411, 44414, 444 1444441444 414444, 44 4414444444 34444, 43141441. 4444441444 44444441, 144441 444

’4 444 44444 141444 41444444. ἱ· 4444444 iri 444414444479) 444 94444, 41444, 414 §Duum

144444, 414 44444444. . 414 14444 444441, 414444 444-(4411

4444 4444 414144 41444444 444444 4411144, 44444 414 444 44444441414144444444444144,444 44444 4444444
411144 444 44441, 4144444, 444444441, 44144441 44 44444 44444 ,444444 44144 4444441 441, 41441 444 444441, 444 4414 444
,4444444444 44 444144444οηί44 4444444 4444444144444 4444 4411144144, 444444 41444444 41444444 444144144ῐὸ44 ·
ben,⁷²) 14 4444 4444 444144444144444414 441144 14144414 444, 44444444 44 4114 44441 441114, 44 44 14444, 41444 “

’ 44444 4444 44444114444444444, 444 4444 44414444444444444 44414444 4444444 441 444, 444 4444 444444 1441444144

144 444444, 444 44414444 414 4444444144 41444444 444114 44444440) 24444 411414 444 414444 ὓ4444, 1444144444
44444444144414, we 444444 441444, Die 4444144 ’414444 44444 14 414 ῡ4444, 44414444 4144414444 4144444 14, 444
144 4444444 4444344144 14414414 444 44444441 4444444, 444 444444 411441411444444. Die 444444 444 4444444444
44, 14 4444444444 444444 444 444444, 444411 444 4411444 444 441444Ι 44444 4444144, 4444 4444 444444 4414 44444 444
41444 44144141, 41114 4144444444 44441, 41444114. [26] 4144414 444 (41444444. 34444444 444 4481441441444ὓ44
Det 4411144 (4414 41141444 44 44444 4444444114. 444 44 444144, 444 444444 44 4414 4414441444, ineu 444441
= ¹ 4444414444 444 444444 44 44144444.
- 4444 4444 444444 414 44411 44444, 54444 4444 4444
41444144441144141144, 44444444441444441444 444-(144441 414 4444444 44. 41444441. 41114 4444144441
444444444411441144, 444444444444144444444144, 44141 144 414 444444, 4444 44444414 44144, 4444444 4414 4444
· 4444111144144444444444441144444444411444, 6444444 414 44444144 41441, 44414444 4144 4444144 441 1414414444
’ 4441444144 6411 44444444. 144 141144 4444 4114 1444414444 4444, 6444444 4414 444444, 44444 4441491411 44 44444444, ·
11444 ⁷⁸) 64114411444444 44 4141414444 44144444, 444 4114 , 14411 4444 441 44 41441 44 44444, 444444 444444, 414
4144444444 44444444 444114, {Due 414144144441444 4441 414 4414 411144, &mamb 14 444 1414414414444444 44 mai
4441444 (4411 ,14 44441444 4441444444 44 444444 6444144414 , 4444.

· 4444, 4441444444. 344 (44441, 441444441441141 414 1441144444 mera,
414 414 94444 4444 44441444 444 144444 414 444444, 6444

, 4444 4444 4441144 44444 44444 44144444, 444444, 44444

mae 4444 4114444 4414411444 444 41444444, (44 444 414 444 41111144 44414444, 41114 444 4444 44144 44411444.
444 44114444 ὓ44444 441444 44144, 444 44444 414 444 16, 23], 41444 it 4444441 444 414144 411144 14 44444444 ’

. *-
“ *a

y 444114] 4141441414. 1-9. 11.,’0444). m, (id quod aptius 444);

. 1441144. 10. 14. 144144111ᾰί4. 12. 13. 41444) ’19)44444444444441441144.1-’1.9.11.,0444. 1-1,44444444, ’ ’
¹ ’17) 4444444 14 44444444] 114144. 1-4, 4444444 4444444, 40) 1411444114 444444] Editt. 1-4. 4441411444114 444444.
1 ’14) 6411Ῐύ441144]Εῶ44. 11. 10. 444. prm (4444411444 111) 444 44] Editt. 1. 2. 4444

 

