33 , noct 33333313 3333331333· 3 mm 33333 Anus. 34

ῖ[3133333333133[3333, stu 13 333131333331333 333333, 33 [3331 3331333 33313, 333 {i- 33333.
33333 313131, 33 333111313333333333333 ui. [3.] 3333333331333313 3331. &atluth-rii.
33311Ι 1333, 333 33 33333 333313333[3133]3ὶ[333 [6.] &He 333333 3333 331333, 33311133331331.
βά), 333 633, 333 33331333 333, 333 33133 [17] 33133313 33333, 33313, (333, 333 333 33
[333333 333 &on [33333. 3, 17.], 5333313333 33 (333 333 333313, 33 13 33133, 333 ist, 33 ist 333
. 1331313633, 3333333335111331333 [333. 1, 33], 333 fret) 333 33 3333313 333311, 333 3333 333, 333
mmmmm [33331333333133 (3333. 3333, ist 331 33313 3333 333 3333. grem, 333
ι aad> 33 3333 13 3313 33333 333333, 333 33 W· ”ogauffiff[3:131stQbffigzngffitffinicffimflgg
auge (333, 313333333113311) 31333 33, 3333 [o gleube 33 33 331333 (333, 333 3333 33 333313
3313 333 33313 313133 3333, 13333 3313 33331 3333.
3333 gegeben 313 [33333. 28, 19], 33333 33 33333 333 133 id) 333133 geu 313 333, 333 33 beffiae
33333333, 3336333, 333 333331 3333333333 33 &cist eine ’3333333333 33333 pet), 333 333 ,33333
33333 33 33333333, 333 333 22¹²) britte 33333, 3333313 333 33333 33 3133, 333 133 [3 (33315)
33 33333 33333 3333 chrm 3133, 33 33333] 3333 ‘Damno 13 genie 333 313311) 333 33 3311331333 333
333333333333 Μ Μ Μ·
333 93393333 a 33 t, einen 333333, 3 333 33933 3 333339 33 fene, 33 3
333 &t [3 333 3333331 ie 33 33333. guid> 33 3333 &mmm 33 333 gemacht 33, 333
33333333333313333333333, melche 3333 333] 33333, [3 13333333333]833333313333333333 ·
33 ist, 33 331133 (bem, 333 1333 33, 333 333 [3 lt 3333331333.
333113] Men 333 3313333333 33, 333333 33 [33 ’3333 [3133 333 3333133, 33 3333333113 ,
333331333333133. v (3333 33333333 ¹⁷) 3333, 333 331333 3333333133
3333333 (333. 33. [23] 3333 33 matt 333 331313 3333333 33333.
3333, 333 id) eud> ftnben 13333 333 3333, 333 &cist ·
·33 333333, 33 33393313 333333, 33 313133 333 (33133, 333 lete [3 fagea, 333 3331313333 in 333
333 3113 geu en. 313 nume 33333, 333 3333333 [33 [3333333333311133 33, 3313331133, 31333).
33 3333] 3331333, 333 3133, ein 3313333, Aduo· 33333318) 3333333ίί33 31333 33. -

, catus, 3113, [3 333131331333133313313133, 31313 333 33333, Quo 33 3333333 33 3333 striga

33 311133 (333 3133 3133 33313ᾲ3333333, mie 33 3313333, 3333 3133333333, 33 333 {inem -

[3333 3333 333 33333 [333 33 33313 [3, 313, 33 333313133333333, 313 1331333 3331 333333 ‚

mo [3133 3333 11313] 333 313 33 &nael 333 333, 333 geben, benn [33 [3133. .

3333 333 333, 333 [33133 333, 333 treme 8331333, 33 Ι

333 3333 ”ff 33 [3333 333333, [33333 33 331133 333 33333, Dae 33 333 333 3333 tei 3 333

1333333333333133 herem, ¹⁴) [3 33 31333 333 3333331333, 333 333 333 33313133 333 3333

33333, 333 3333 33333 33 (333, 333 1333 [3 (333, (Sabe gebm 311, 333 13331 3331313 [3 geben, 333 33

- 333 333 ttm 31313 (51330. ”nb 313333 33333333, gu 3333333, &t 3311 333), 333 33 mit glauben 3333
331333, 333333 3333133133, 333 33333 33333 &abe begeren, 333 333333 3333 311, 333 1333333

33311) 3113 [3113 33 33333 33333 33 333333. 333333 zetum), 33313133, [3’33,3333τ333313εβ, 333 33

333313333333351331333333, 33 1333 33 3333 &rt 331333 [33333 333 31. [13] 333 [3 3333,
333, 33313, 33[33333333[[3331333333333313 3333 333333 3. 333 331 333 33 33 31311133
333 3333333 333 rotaret. 3333333133 (333 geben, 3333, 33 33 33331333.
333 [313313 333] 33333 333133 33333. ,
3333 [33 [3333 &pruche 33 331, 3333131131.
[6.] (333 bat 33 (333 [3333 &ono 3 333 3333 333 33333, &olm [3333133 33 3333 3 33
*- · 33333 331 mettun, 333 33 333313, 33 td> [333 ges

1⁰) 99999999 Mi„- 9919999 mm, 5-911.,00rp.· 333 333, bugu nemen, barinae 3333333113] 1333, 333

1-7.133[13. 3333 333 333 einen 33333 3331133333, 13 33333 .

11) 3333333333] sie Editt. 10. 13. 13] Editt. 3-9.11.,
. corp. 1- ’1. 333ῐῲ33333. . ·-··-···

¹²) Mt] mm· 5-7. ⁹· ¹¹· ‘M‘ 15> [3333 33 3333, 333133 [3 Qum] Editt. 5. 6. 3333 3331
13) 33 [313333] Ε313. 3-1. 9. 11. 33133333 “ 333 33133 33333, ·

14) fo 1313 &vitto 33313 - nnbtte 33333333, 3133133313. 5. 3. 16) 333 flat] 33131133. ⁶⁴9. 11.‚·corp. 2. ⁵3. 5. absunt.

33333 333333 333333. 3 333 ⁸· 33

3333133333, 333333, gebun, 1333, 333 :wigen &BQ 13) 333133 33113. 3-9. 11., corp. 2. 3. 3. 33133.

 

