111 11011111010111111111111110.111111101111 Anus. , 111

111 1111111114) 111 11111111 1111 1111 1111111, 111· 61111111111111111111111111,1111111111111
6111111111111111,11111111 1111 1111 11 11111111, 1111111111 1111111111 1111111111111 1111111111 11111,
1111 11111111 111111. 111 1111 11 11111 611111 11111111 1111. 111111111111
(11111 11111111111111111111111 11 111111. 1111 t·
11111 11111111 1111 111 11111111 31111111, gu 111 11111,11111111111111111611111, 111 1111111111 111 111
1111111111111111. [11] 1111111111111111116)11ε 1111111111,111111111111111111111111111. 1111111111,
11111, 11111111111111111, 1111 1111111111 1111111111 ems 11111111111111111, 1111111 111111.
1111 61111, 111111111111111111111,”)111111111111, 11111111111111111111111111111111111111611111,
,111111111111111111111111111 111111111’1111111111111111111 1111111
1111111111,111111111111,111111111111 11111111 (11111111111111. 11111111111111111111,,1111111
111111 611111 1111111111. (1111111 111111 6111 111111, 1111111111 1111, 111 11
6111111111 11111111111111111111111111, 1111 1111 1111111 1111111 1111111111 1111111111 11 (111111 .
11111111111111111111111111111111111. mamus 1111, 1111111111111111 111111. v
111 1111 1111, 111111111111111111111111 111111 1111
111111111111111111111111111. . · 1111111111111111111111111111,1111)111111111,1111’
1111111 11). [12 1.] 1111 1111611111111111111 111 1111111111 111 1111111111, 1111 1111 1111111111 11
1111111111111111, 11111111111113111111111,111111 111 1111111111 11111111, 61 1111111 111 1111111111111
11111111 111 1111111 11111111 111111, 111 111 1111111111. 11111111 111111 111111 111111, 11111 111 (1111111111, 111
31111, 1311111 11111. [10.] 111111111111111111 11111 3111118111(Ὀ11ιτι113ῠ111111111111,8111113111111ξῦ111111
111111 11111111 11111111111111111,111111111111111111, 11111111111111111111111111111.

1111111 11111 1111 11111111111111111111 111 (11111.
- §bleffe 11111111 1111111 1111 11111 111111111111111

«111 1111111111111111 1111111111 1111111111,111 1111111, 11111 1113111111111111111 1111 mit 1111 111111
1111 11111 11111, 11 111 11111111 (1111 111111111111111 1111111111, 111 11111111111111111111111111111111111111)
111111. 1111131111111, 11111111, 31111111111111,11 31111, 111111 11. Durum& ‘Brebiqet (111111 i. (111.
111111 111 11111 111111 1111111111, 1111111111111111111, [1. 11.) (1111 11111111111111111 11111 1111111 1111111,
11111 1111111 1111111111, 111 111111 11111111 6111 111 11111111111111111111111111111111111,11111171), 1111
1111111 1111. 11111 11111 11 11111, 1111 111111111111 11111111 11111111,11111111111 111 11111111 1111111, 61
111111 1111111 111111, 111 111, 1111111111 111111 11117) 111111 et 1111 1111111111 111111 1111.
. 111111111 1111111, 111 11111 111 111 111111 111111 11111
111111 111 (11111111111111, 1111 11111111111111111 1111 81111, 3111. vii-[9 f·] 1111111 1111111111111131111,
1111111111111 11111111111111111111 1111 111111111193) 111 11 111111 1111111111 11111111 1111111, 111 11111111,
11111 1111 11111 11111111 11111, 6111111 111 111111 11111
, 1111111, 1111111111 1111111111 1111111111111111111111.
, 111111 1111111 11111 aud) 11111 11111111 1111111111, 6111111 6111111 1111 111111111111111111111111
menn 11111 111111 111 111111 3111111111111 1111111 111111 1111111111)11111111111111 11111111111111111111, 11111
111111 11111111 111 1111111 aud) 11111111111111111111 (1111111111 111, 611111111111111 1111111 1111 1111111

* 1111111111, 1111311111 11 111111, 1111111 1111111111 11111111111,111111111111111,11111111111111 11111111
· 111111111111111111. 611111111111111111111111111 11111111. 111111111111111 111111111111111111111111111,

111 11111. 111). [10.] 1111 1111111111 11 1111111111.) 11 1111111111, 1111111 1111 11111, 111111 1111111111

11111111111111, 1111) 1111111161111111111111111 111111111111111111111111,111111111111111111111

1111111111111111 1111, 1111 1111111111,1111111111 1111111 111111.

1111111 111 11111111 (11111, 1111111111, 111 1111111111 , ·

111 111111111111111111 1111 1111111 11111 1111111 1111 111111 11111111 1111111 111111 111111, 111111, 1111111

111 111111, 111 11111111 1111111. 11111, 111 111111 11111, 61 11111111 1111 1111111111111111
11111111111111111111, 111 111111 1111111 111111 111111

...w-..¹ · 1111111), 11111 11 111 11111111111111111, 111 1111111111

m

11111 11111111 1111111111] 111111. 1-1, 11., eorp. 1-1. 1111111
11 1111111111 91) 111111 111111, 11111111] Edit& 1-1· 111111 611111

95) 1111111111] ²¹> Edit& 5·⁷· 11111· 100) 1111111111] 111 1. 111. orn: 1111111111

11111111111111] 1111111. 1. 111111. 1111 8111111111 ι)1111111111,1111111 1-4. 1111111 (id quod h. l. idem 111111·
11) 111] 1111. 1-1, 11 111 11111). <

1 11)11111111111111.]11111111.1.ι11111. 1)1.1. 6111111111
¹ 11111111. om 111.. xm. . ι ³⁹

 

