· 429

111111 11111111111111111111 111. 1111 111111111111111 111
’ 1111111 1111111111111111, 11111 111 1111111111111 1111
111 111111 1111111 1111111 1111111 11111, 1111111111
1111111111, 11111111 111111, 1111111111111111111, 11

“ · 11111111 1111111111 111111, 11111 11111111 1111111 11111111

111 1111111111 11191111 11111111 1111111111 11111111
111 111. 111111 1111111111 1111111111 111 1111111111 1111
11194) 111 1111 11111111 11111111 1111111111, 1111 Seres
11. 7. [111] Sd> 1111 1111 11111111111111111 1111
1111 111. 1111111111 1111 111 1111111, St 1111 11111
11111 111111, &a 1111 111) 11111 11111 1111, 111 11111111
11111111 11111111, 111 11111111 5131111111 7. 111 8.

1. LOGl fflEOLoGlcl GERMANIGE: G. TERTIA EORUM AETAS.

43⁰
1111111111 11111111, 111 1111 11111, 11111 1111111111 11111111
111111, 111 1111111 11 1111111111111111. mamis 11 111 1111181111
111 11111111, 111 11111 111) 11 1111 11111111, 1111 111111 111111,
11111 11111111 1111111111111 11111111 111 1111111111111 1111
111 1111111111 1111111111, 11111 11111 11111.

11111111 11 111 3111111111 11111 1111111111 111111 111111
111 1111, 1111111111111 1111111111,“·) 11111 11111 1111111111
111 11111, <5⁰ 111 fle 11111111111111111111111111111111
11111111, 111 11111 11111 111111 111111, m) 111 1111 1111111111

1111, 1111111 1111111111 111 111111) 11111, 11111111 gu 111·
111 11. , 11111 11111111ῢ. 1311111, 1111 1111 1111111131111

11111111 11 1111111111. und) 111111 11111 1111111111 (1111111111.
1111111111 11111113111111 111 11111111 111 11111111111 1111111.

1111111111 1111 1111111 1113111111111 1111111 1111 oon? (511

1111111 11111111 111 1111111111 1111111111 111 11111, 11111111 111
11111111 11111111, 1111111 11111 111 1111111 11 111 1311111111
1111 1111111111 1111111 111111 1111111. 1111 1111111 111 111111
11111111, 11111 111111 111111 1111111 1111111, 6111111 1111 111
uuum 11 111 (1111111111, 1111111 1111111111 11111111, 111 11111
111111 111 1111111111 11.

1111111111 111 111 111111 111 11111 1111111111, 111111 111
, 11111 1111111111, 1111111111111 11111111, 1111 11111111, 111 1111.
1111 111 111111111111111111, 11111) 111111 111111, &Dum 1111111111 · ¹
111 11111 1111111111, 1111111,1111111 11111 111111 111 (11111, 111,
11111111 111 1111111 1111111111, 1111 &ott 1111111, 11111111
1111111111, 1111 11111 111 11111, 1111111 11111 1111111111. 11111111
1111111 11111111) 111 (111111 11 111 11111111, 111 11 1111111111.
menn Q 1111111111 1111111, 11111 11, 111 11111111 111111 111
maffia 111111 111111 111111, 1111111 111111 111111 111 11111111
11 1 111..

[8111111111111111111111111111111 1111111 Te-
* 111111111111111111-13.,0111.1-7.111111; 1111 1111111.
1-4. legitur 111111οά11

’111 1111111111 111 11111 111 111111 1111111111.

1111111111 1111111111 11111111111111111. 11111111
11111 (11111 1111111, 11111 11111 1111 111111, 111 1111111 1111 311111
11111 11111 111111111. 6111111111) 111 1111111111 11111 (11111,
1111 1111111 11111 11111111 1111 1111111111) 1111111111 11111111
111 111 1111, 1111 1111111111, 31111111 111111 11, 1111111111
11 11111 1111111111 111111 11111111 111 1111111111. ,
1111111111 111 (1111111111111 11, 1111111111111 111 11111
1111 &gistum 1111111 11 11111) 1111 111111 111 1111 1111 1111111
11111, 111 11111 11111111 111111111111111 11111111, 111 111
11111111 111 1111111111 11111111 1111 11111111111, &unbem 11111
1111111111 111 11111111 1111111111, 111111111111 (11111111115 ·
11.

111, 111 111111111111111111111 11111111, 111 111111 111 311
111 11111111111111 111 1111111. 11111 11 1111111 111 11111111
1111 west} 111111, 111 1111111 111 111111, 111 11111111 111 &ot-
11111111, 1111111111, 111 11111111 11111111, 1111111111 111 111111,
111 111111111111 1111111111. 1111 1111111111 1111111111 1111 11111
111111111111, 111111 11111111 11111, 1111111ὓ111111111111111111
11111 111 11111 11111 111 111111. “

’ 1111111111 111) 1111 1111111111, 11111 11111111, 11111111111111
1111 111111, 111 111111 1111 111111 111111, 11111111111111111,
1111111111 1111111111 11111111. 1111 11111 in 11111111 1111111111
11111111 1) 5111111111, 1111111111111 111 111111111111111, 111 111 ,
11111111 1111111 1111 11111111, 111 1111111111 111 111111 ’111111 11,
111111 ..111111 1111111111 1111 1511111ἵῖ 11111*
1111111 111 11 111 1111111111111 111 111 11111 1111119111 111111
111111, 1111 1111111111) 11111 111111 11111.

1111111 1111 11 {g 1111111 11111111 11111111 1111111 111 muts

’,Μ &¹1ss¹st 111, 11111 1111 11111, 11 1111111111, 111111 (1111111111 1111 11111

111 11111 111 11111 111111 1111111. 11111 111 111 311111 111 1111

111111, 1111111 111111 111 1111111111 111 1111111 11 11111111, 11111 11

111111111 111 1111111, maa 111 1111111111 fist&
11111111, 11111 111 111111 111 111111 1111111.

111111 1111 11 111 11111111111111111111111111111, 1111
111111111111111111111111111111 111 (1111111111, &a 111 111
11111111111111111111111, 11111111 11111 111 111111 11111111.
&a 1111111 1111 1111111111, 111 1111111, 111111 (11111111 111
111 111, 111 111111111111111111 1111 11111111111111, (1111111111
111 1111 1111111111 11111 311111· 11111 111 11111111111111, 11111
111 11111111 1111, 1111111111 1111 11111111.

1111111 111111 1111111 11111111 1111111, 11111 111111 111111
111111111111111111 111111 111111111111111, 15111111 111 111111
1111111111 111111 11111, ··) 11131111 1111111111 111 111111
111111, 1111111 111 1111111111, 111 111 1111111
11111111 1111111111 1111111. mam 1111 111 11111111 111 111111
1111111111111111111 11111 111111 111111, 11111111 11 11111111
111 111111 1311111 111111 11111, 1111111 111 11111 11111111111111

11111111 1111111111 111 1111111 11111 111111. 1111 111111 111111 ,
111111 111111, fnss 11111111 11111111 111 1111111 11111 11111 1111111111
mmmmm

1111111111111111111111111111111111111111111 11111 ,samm wama ¹
1111111111, 1111111111 11111111111111, 111 11111111 111111, 111 111 a) εἴτ &ml m· ι. ,ξι [ΕΜ

ι1111111111111111111111111111111,11111111111111111111111 mm· m bk mm busta E* m ab · Ι
. ὶ mm , 11111111 11. 111111 111 1111111111
1) 11111] 11111111. 1. 11 11111. 1. 1. 11111
11) tic] 1111111. 1. ². 111
’ 111) 11111111] 111111. 1. 2 Μ

*1) 1111111111] M. 1111111111

———

ἡ. ι

Ι 11) 11111111. ’1-1. 1. 11. 11
-1 1111111 1111. 1. 1. 1111
η 111] 111 1. 2 1111

 

111 11111 1111111 ’ ,

