111 11111111111111111111111111. · 111

’111111 111 1111111 9111 1111111 1111111111, 1111 11111 11111 [ιι 111111, 1111 111 1111111 111 111111 111 911111
1111111111 1111 11 111111111111111111111111111111111, 111 111111, 1111111111 1111111111111111 1111111. ·
111 1111111 9111111111 1111111 glauben 11111111 111 Sa 11111111, 111 9111111111 1111111111111111111
11111111 111 111111 11111111 1111 1111111111 11, 11111 11 911111 1111111111111111111 111, 111 11111111, 1111
111111 61111111 1111111111, 91111111111[3,16.],91111 11111111. 11111111 1111111 1111111 11111111 91111111.
ἓ191111111 911111 11111111, 111 1111111191111111111 &ibet 111 11111 1111111111, Db 111911111111111111

1111111111, 1111191999, 11111111111111, 1111111111 1111 11111111 [11111111 11111111, 111 11111
111111111111111111, 1111111111 111111 1111111111 111 1111111111111111111 111, 1111111111, 111 (1111111111
9111111114.[16.]11111111111111111111111111111, 1111, 1111111111),11111111111111ιιι 11111111 1111111 ·
111111 9111111111 111 111111. ιιιιιιιιιι, 111 111 11111 9111111111 11 1111111, 11111 men·

·, · 1111111111111111,11111111111111111111111111 111ι1111111111111 1111111, 111111111116111111,111
11111111, 111 ιιιιτ 111 &on (1111111 11111111 1111111111 9199111 111 9111111111 11111111.

’ ben, 1111 111 111111 911111 1111111 [1111111. 17, 5.[, 1111111 1111

[111111111111111111116. 8.] 1111111111111111111 1116441] 11111111 11 111 1911111 111111, 111
[11111911111111111111111111,11111111,11ι111111ιι 919911 111 111116111111111, 1111111 1111111111.’ “
, 1111111111,111111111[111111111 1111111. · 1111111. ll. [19] 1111111 [ιι mit 911911, 1111111
1111111 [altu ιιιι 111111 11111 11111111111111111,111 unga m belum [ab. ·

’ 111111111111111111[1111111111111111 11111111 111, 111 ’ 311111. 3. [16.] 91191999 111 ιιιι 111 11111111, ’

¹ . 1111111111111111191111111111111 1111111111111 11111 11111111 werhen 111.

1111111111 [11111111 1111111111, 111 11111 1111111111
1111 111 1111111111, 11111 11111111111111111 [111111. 11111. 3. [951 ‘Die 11111111 1111 (111111, 1111111 11
311. 14, 11],6111111111111111111111,11111119111 11111 11ιι glauben 1131111191111111, [ιι 9199911,
1111111. - 111119199911111111111111. ’

· mom. 111. [19191 11 1111911 91999111, 11111 111 .

1111111111 111 1111, 11 111111 anf 11 1111111111 11111·
1111111111111119111111111111, 1111111111 1111111111, , ‚ . . ,
,111 11111111111111111111,11 nicht 1111111111 - 1· 111111· 2· [1.]Ι 1111111. ,111 111 11111111
111111, fonnem 111 111 1111 1111111111, 111 metm, 1311111. fo 111 111 mum 1111111. 111111
111 1111111, 9111 1111111 11111111111111111 111 1111 [1111111 1111,11,1111111111111111111111 [eifum 99111, 1911
1111111 11111111111111111111111, 1111 111111 mir 1111) 1111111 111111) 11111 1111111 1111914191 11111111 0011111111·

11111 1111111111, 111111 [ιι im 1111111 111111, 111111 -

1111191111111,11111111111111111111111ι1ι1ιιι 1111191101111111111111111111111111111111111111 111 ,

111, 1111111111111111111111111111 11115111 11111. 111 indm 111 11 11111 1111111 11111111
111111111111, 111 [1111111111111111 11 auen 111 1111, 1111111111 111111 11111111, 111 111
, 111111 11111111 gu 1111 11111, 1111111111 11111111111111111111.1111111191»
311119111111111111, 111111111111111111111111111 111111111111111111111· 1111111, we 1111111 &tamen
. 1111, 11 111 1111111111 11111, vu 111111 111 1111111111 manen 111·

11111 ⁵¹¹ 1111 “mm amanen 111111· 111 11111111 111 1111111111· 11111111

1111111 1111 11 1111111111, brun 111 11 1111111111, 5111111111 111 1111 11111111 111111 11119911 111 1111111 1111111111
111 11111 111111 1111111111111111 1111. ξξξι {Q 11111111111111111111111191111
¹ 1111111111 abet 11111111 [111 1111111111, mie 111 11111111 ,111 1131111111 1111 11,Ι ,19 111 111191111111111111,
, 11, vom 111111111111111111111111111. 11111Ι 111 ,(9111111111111111111111111111111111 1111111111 11 1111 ,111
1111111111111111ὧ1 111 9111111111 111111111111111 1311111111) 11 1111111111) 11111 &uult 31111111 Ι11111 et
1111111111 11111118 91111υ1ἓ 1ἐῖ aff? 11113ιῶιέηὲ εὲιιΙΞ gt: ,1ξὶώῖθὲ 111ίὲ11ζὲ1 gieuxfigffgffmssffigffilbetgiifgessobffil
91111111111111111111111 1111311111, 11111, 111 11, 1111111111111111111 11111 11111111
stem, 111 111 &nnnc mm [111111 [1Ι mn 111 111111, 111111 11111111111111111,1ιι11111111ι1ιιιι1111ι111ι1. .
‚mie 11111. 5. [91] 1111111111 11, 1111 1111 11 1111111111

111 111111111111111 (51111, 111 6111111111 11 1111 wo [oum mit bk gmmmflungm mmm

..a—Q

'8³) [1111 111111 1111 111111111111111. 541. 9. 11. [1111 11111111
1111111111, · · - · 84)1. q. 1111111111

 

