11 mm 111. scm 1111111111 ‘ 11

111 111111 11 nn 1111111111, 11111111 . 1111 1111111111 11111 1111111
111611 1111111. ⁷) 1111111111, 111 id> 1111111 11111 1111111111 1111111111·

1111 1111111111 111 (1111111 111 1111111111. bc, 1111111121111 11111111 111 1111111 111 1111111111

1111111 111111 1111111 111 (1111. 1111111111 11111111 111, 11 11 1111151111 111 1111 einana

. &zabsstltwbffibe 1111111111 1111111111) 111 1111111111 1111111111) “

1111 111111 1111111111. · ·

111 1111111 11111 1111111 unbem 11111. ³⁰) 93111 (Son.

1111 1111111 111111111111111)

1311 1111111111 111 11111111111111 1111111111. Suu 1111111111 11111111Βῇ (501111 111111 subtuna»
1311 (aelst 111 1111111111) , 111, 1111 bu 1111111111 11111 , 1111 11111 111, 1111 et ets

111611111111, , 11111 111, 111, 111 1111 1111111 1111111111 11111, 1311 11
1111 111 11111, . 11111 11111111 111 11111111 11111 11111111, 111 11111111 1111
1111 111 1111111111, 11111111 11111111 1111 1111111 111111 1111111111111111111
Qum 1111111111 111 11111 1111111) , 1111 111 ,111111 ἧ11111111, 111 111111 111 1111111 11 1111,
· 11111 offla, , 111 (1111111111 1111111111, 111111111111111111111111111,
1111 111111 11 1111111111) , 111 aueo 1111111 111. 1111 1111111111111111

- 1111 bet-&mm in 111 &mem (1111, 1111111 11111111 1111111 111111, 111 111111 1111111) 11111,
§Bon 1111111111. 61111111 111111 111 (1111111 1111111111, 111111 111111

1111 1111ἓ11111811) 111 (1111111111, 111 11111911111111111, 111 1111 1111111, 111 13111111,

1111111 11111111 111 mmmm. 111111. 1111 111111 1111111 1111111111 11131111 ,11111
131111 111111. 11111111 111 1111111 111111131111111 11. .], St 111·

1111 1111111111 6111111111) 111 misse* 111111 W 1111111111

1111 1111111111 1111111111) . .

1111 11) 11 mig, 11111111 111111 1111111111 1111111111. ,1111111111 11111

1111111 1111 11111 1111 11 1111111 11111111 11, 1111111111 111 111 1111111111. 1111 1111111111 1111111111.
1111111111111111111 1111, §unbem 1111111111 1111111111. 11 111-11 1111 111 11111

11111 1111 111 1111 111111111111111)1111111

1111 1111111111 111 111111. „Du 1οέ 11111111111ὓ11111111Ὀ 111111. ἱ8111113111.)1ἐὶ111111111
1311111111 111· , , «11111111111111111.111’111“1.11..ξ11111
1111 11111111 marest, · 11 (111111 1111 111 11111111 1111111111 1111111111 1111,
...... 111 1111111111 1111111 1111 1111111111, 111 111111 1111111
⁸⁷? {ffiffissfflss {nssssfl‘⁰'].ffl¹⁸‘ Η· ”⁰¹¹² euangelio ”¹¹⁸ ssd'mffliefe 1111111111 111 111111 111111111111111111111111,
11) 11 11111 111111] 1111. 1-1. 1111111111. . {¹}ss 11111111111113119ξξ1111111111111111

89) 1111111111 611111111111111 61111113111-14· 1111111 1111111111111111111111111111111111111,1111111111 · ἐ

’11 “W 511111· 111 11111111 11 111111 1111111 111 1111 (1111111111 1111

11111111111111111111114111111111 111 11 111 181119111111 1111111 111111

1111111· .. · 11111111, 1111 11111 111, 111 1111 11111 11111111, 1111 11

111) 1530 5330 ἐξ “smum 3³³3? iffdiffiffffifgo lg. aad& η111111 111, 111 1111 1111 ln 1111111111 1111111111

11111 1111 111.. .. 11 11 1 111 11

. ΗΜ &Q 1 ‘¹’ &a 11 11111 1111111, 3111. 11111 [8..] 111111 11111 1111111 Ι
1111, 11 11111111 111. 111111 111 111111 1111 1111111

111111111111111111-11111 ’ 11111

911111111111111111] Ed· 1¹· 1111111111111111111. 11111 ἓξὲξ 1111 1111111111 11111 111111, 111 111111, 111

91) ἓὲἒθέὶιηῆιῃ 61111111] mia. 1. 111111111111111111611

11)]1111111111111111111111111111. 1-4. 1111111111 11)1111111111-1111111111.]1111111 miv. 1-4. 11111111.

11, 1111111 1111 1111111111 1111111111 1111111

111191. Ι ⁸

⁹⁷) mm] do Μ 10., Gorp. θ’ ⁷¹³ σοι mm Μ ὲ) &lxta-3332& 1 1. 1111111111 111 0111

111111111111-11111111 1111111. 1111 11111 ) ’ἐῶύέ ·· ·
1111 1111111 11. 1111. 1. 1. 111111 1111111111 11 111 ³) ν1111] · 1 111

Μ’ ’ · · ⁴) 111 ει11111111] 1111111. 1, 1. 111 11111111

 

