⁸ . 111- , ι. nom 1111111111111111111111111111 1111111 Anus„ 111

111 1111111,111111111111111111111111111111111 11111 111111, 11111111, 1111111 111111 m 1111111111,111 .
Ι11111111111111111111111111111111111111111111111111, 111 11 1111111111 111111, 1111 111 111111 111111 Ι1111111
1111111, 111111, 111 1111111111, 1111 11111 1111111 [1. [1111111. 17,11.], 1111111 1111 1111111, 1111 1111111111
1111411111, 11 111111 eud) 1111111111111111111 11111111]1.11.], 11111111 1111 ὕ11,1111111111.11.[18.]
111111,11111111111,111 111111111111111111111 1111111 111 1111 11111 11111111111111111111111111111, “

111, 11111111 111111111311111111111111111 111111 1111 11111111 11111111113111111111, 11111111111111, ι

11111111 111, 11 1111111111 111 111 1111111. 111111 11111111 1111 1111111111, 111 1111 1111 11111111 ·
. y =. 1111111111111111111111 1111111 11111111.

1111111 11111 1111111111 1111111111 11 111· , “
’ &tum 1111111, 111111 11111111 111 1)(1111111111111111 11111111111111111111111111611111111, 111 1111 ,
111111111111,111 11 1111111111 111. 1311111111 11111111, 1111111111111 1111111, 11111111 111111111111111, 11111 ,
· 11111111111111111111 111111111111111111111111,111 11111111111111111111111111111,1111111111ιί, 1111
111 1111111111. 1111111 11111 1111111111 1111111 1111111111, 1111 11111
· 111 1111. 1111111 [1. 4.] 1111111111 1111111111 11
. 111111 111111 11111111 1111111111,111 11111 11111 11111111111111111131111111111111,1111111111111
1111111111111111111111111111111111111, 11111111 11111 11111111, 1111 11111111111111111111111. 111111
· 1111111111111111111111,111111111111111111. (111 1111111133. [11] 1111111111 1111111111111111111, ,
11111111111111111111111111111111111111111,11111111 11 111 111111 1111111111, 111 1116111111 11111, 1111111 ’
111111111111111111111111,11111111111,111111,Ξ1111ι, 111 11 1111111 111111, 111 111 11111 1111, 1111111 111
11111111111111111 1111111, 111 111111 11111111111111 1111 fo 1111 1111111 1111 1111111111, 111111111111111111
1111111111 1111 1111111111 (511111. 111111111111111111 1111111. ’
111111 1111111111 111 1111111111 11111111, 111 11111 111 ·
. 1111111111, (111111, 1111111111 11111111, 1111111 11111 . ·
11111111 111 ’1111 (111111, 11 1111111111111111, mammen 1111 1111111111111111111, 111 1111111111
1111111111 11111111 111 1111111 11111111, 1111111111 111111 11 1111111 1111111111 11111, 111,,1111111.1.1[31.]
111 1111111111111111111111111111111111111, 1111111 61111111 1111111) 11111111 11111111111111111111111111,
1111111111 1111111111111111111111111111111111111 11 11111 tud) 111111 11111 1111 1111111. 31111, 1111111.
11111, 11 (1111 1111111 111111 1111111111, 111 1111111111 10. 1311] 111111111111111111 «1111111 1111 1111111, 1111
1111, 111 1111111111 1111 11111111 1111. istem, 11 et Θ. 1111111 1111111 11111 11111 (11111111111111111, 111
1111 11111111 111111, 11 er 1111111 111111 1111111111 111. 1111111 1111. [1. 8.] 11111 1111111111 111111111ῆ1111ω,

«111111111111111111111111111111, 111111 Qu, 111 1111111111111 111 111111111111111 11111111 '

1111111111 1111111111) 1111111111 111 111111, 11111111. 1111, 1111 11 11111111 11 1111111111, 11111111 1111111111
1111 11111111 11111111 1111111, 111 111111 111 11111, 1111111111111111111111111111111111111, 11111111 111111
111 111111 11111111, (111111, 111 1111111111, 1111111 111 1111 11111111.

11111 111111 11111 1111 11111111 1111111 1111111.

3111111111,1111111111111111111111,1111111111 1111 1111, 3111 1111111111 (111111 111 111 1111111111, Ι

111111 1111 1111111111 1111111111 111 1111111111 111. 111 11, 111 111111 (1111 11111111, 111 11111111111111111·
111 1111111111 111 11111, 111 11111111111111111111111

, 11111 1111111111 11111111111111 11111, 11111 111111, ,111 1111111111 1111111111 111111111111111111111, 11111 1111
111 1111111 1111111111) (1111 1111111 1111111 11111 11111 (11111111 111111,111111111111,111111 1111 11161111

, 11111, 11111111 aud> 11131111111111 1111 11111111, 1111 (11 11111111, 1111111111 111111, 11111111111111111111,,
1111111 1111111, 11111. 3. [9.] &ie 1111 aue 11111111 111111 1111111 1111111 1111 111 30. (1111111 [1111]

111111,11>1111111111111111 1111111111, 111 11111111 (1111111 1111111111, 111 111 11111 111111 1111, 111111, ,

111 1111111111, 111 1111111111 1111111111, 111111, 1111111116.[1111]111111111111111111111111,
1111111111, 11111111 (1111, 111 111 111111 11111111, 111111111111111111111. 61111111 111 11111. 11611111
11111113) 111 11111 11111 mit 1111 1111111- annea 11111]1.12.],11111111111111111111111111111111.1311
,111-,11) 111 ,111 1111111111 (11111111 1111111111, 111 111 111111111111111111 111 1111 11111 1111 11111111 111
«11 1111 1111 11111111, 1111111 (111111 1111111 1111 11111 111111111111,111111111111111111,111111111111111111
2 , , 1111111111 111 (1111111 1111111111 111 111111, 111111 111111

1111 11111111 1111, 1111111111 11111 1111) 111 1111 1111111

18) uum] 11, 1, ‘51³ err. 111, 1 , 1111111111111111111111,111111111111111111111111

19)111111εὲ1111ιῖ11111118111111111ἰ1π111ἑ1ῃ1111111111ὺ1ὴ8’11111111ιῖ ἕτῗωζιαῠῦῃ11111 1111 111111, 1111111611 1111111111

111 11111 - 11111111, ΘΜ· 20·

 

1611111111, 11111. 1111. 11. 31] 11111111 ss

