61111611 611 1611111611 ᾧο161611161671111111111116111, &a 111 11111111 6611111
. 1161116161 111161) ·

6111 (6111. 641. 11611, 116161111111011111111111116, 311111, 61111611 111111
611111611611611611111111 11101111111111116 14. 64. ’ 11111, 6111101111, 6111111111. 011.
’ 611111116161161111, 61111611 6611111011111111111111 011111111111,11 61111616111111111011116 1111111111 116111,
611, 1111111 61111116 1116111111111. ’ 66. 111111111111111111. 94.
61111111 1161181111, Db 11111 1111 17111111 1161111111111111 1116 ’111111 11111, 116 11111 111111 11111111 61111111 17116 1111
111111 611 1111111111, 61111 1111111111 11111111 111611. 66. 1611111111 6011116111 1111. 77. 100.

6111601111Ιῇ, 1161116 1111011106111111661111 111111 · .
·. fol. 59· 616611011111511(6111166111111116116111

Β11111661161111111,6161116111116,6111116,661111611116, ¹¹⁸³ 66 1168166666166· 1001·
&buum mf‘n Μ· 70 f· 61616 11111611, 11111116 611611 011116 11111116 11111161.

· 616611161111111,061111611116111111611, 111611111116161111111. · 1031. ’

1166111111 [11111111 011111, 1111 1111111111111111 61111111 111 11116161111111111, 1111611111611111111111111
· 11111111 11116. vest. 11111611. · 106.

’ Mum„ 11η 1111111119 m mtto masona. 76, 1111111111 111611 111111, 11011 1111 6111111116 1611111 1111111111 116
1111111111 1611 6116116111 611 6111611111111111111111111 6616166161 <5⁰ 6 1661 16616 1166 ’616116 6666166666
men, · 77, 111, 116 11111 11111111 ist 1061.
,0111111111 611 611111611661611111111111. 79.
’ 8111111111 ’1111111116 611 61111111, 61161111111111111111
11111 111111111111 111. 1011 11611 111 611 11111111 11111 611 ,
mmm· 82¹· 611116 1111111111 11 6111111 61111111 11111111ῐὶ11 1111111111.
01111611, 61111111 611 111111111 111 1111111111 601111 11111· ’ ¹2⁵ 11·
16111611 1111611. · 84. 6111111111)1116111611,11611161161111111
51111116 111611 611111 1111111111. 86. 11111111. 136 11.

mm ῦὶυι016 mam· ¹ 8⁸· 6616 1111611111, 116 616011116116616111111111111111 1161.
’ 11111111111111611. 6611. 131,

1 11116111116111661.16611116111611111661111111111111111131111111111111111111 111 ff.

66661 666 66 616 96661 166616 1166166 tm 01166 61111111 111 611 6111111111, 6116 111 111111111111111111111

““’“““”“ 11116. 139. 141.

ι) 111111111111111111111111- 11311 111111111101111811111111, 1111111, 6111111111116 61 0711111111 11611111111111. 1111111 1111

sinuum 11111111611111111111 1111111111 permutavi. Ι &much 11111611 10. 139.

611111 61111111 616 0111111111, 616 01111 1111 111
= 61116111111161111111111. 1141.

 

