”’ 111 - 111111111111111111111111111 1.·11111111111111 111111.Ι . 111

11111111111111, 11111111 111 1111111 1111111. 31111, 111 11111111 1111111111, &a 1111111 111111 61111 1111111111111111111)
11111. 1111111.. 11111 11111 11111111 1111111 11111, 11111111111111 11111111 11111111 1111, 1111111111, 111 6. 3111111111 111
11111111.’ 1111111111111111111111111. 2111111111 111111, 111111 1111 111
1111111111 1111111111 111 111 111111, 111 111111111111111111 111,

Su 111111 111111 1111111 11111111, 11111 1111 1111111111 111111111111111111, 11111111111111 11 1111111111111111 111 ·
1111111 11111 11111111111111111111111111 111, 1111111111 11111111.

1111 11111111 1111111 1111111111 111 11111 11111111 1111111111.
11111111 111 111 11111111 111 11111111, 11111 111111111 111111, 111 1111111111111 61111111111111111111111111111 1111111

1111 11111111111111111, 11111111 1111, 1111111111 111111 1111111111 11111111111111111111111111111111. (111111111111111111111111
' 111111 1111 ν11111, 1111111111111111111111111111111111111, 1111 1111111111111111 111111 §Balentiniana 111 1111111111, 111 11
11111111 11111111 1111 1111111111 111 1111111111 111 1111 11111 111 11111 1111111111 111111 111111, 11111111 1111111 1111111111111
11111 1111 11111111, 11 1111111111111 11111111, 1111111111 1111111 11111 1111111) 1111111.
1111111111, 11111111. 1111111 11111. 11111111111111111111 11111 Θ. 11111111 6111111111, 111 111 (11111111, 111 111
111. 1111 11111 1111111111 11111111 11111,1111111111111111111 1111111111111111111,11111111111111111111,111111111111111111111
111 1111111, 11111 111111, 111 11 111111 (1111111111111111111 111 11, 11111111111111, 1111111111 11111111111111111, Qun·-
111 111111 111. 1111 11111 1111 11111 1111111111 111111, 111 11111111 1111 1111 11
11111111 11111111 11111 1111 1111111 11111111 111111, 111111 1111111 1111111111, 11111 1111111111 1111 111111 1111111111 11111,
1111111 1111111, 1111 111111 1111 11111 1111111, 111 1111113111 &unbem 111 1111111111 111 111111111111111111111111111. 11111
11111111111111111111111111111,11111111111111, 1111 1111111111,11111111111111111,11111111111111111111
11 1111111111,.11 1111 11 11 111111111111111111111111111111111 1111 1311111 1111111 111 1111111111 1111111111, 11111, 11 11111
11111 111 1111111111. 111111, 11111111 111 1111 111111, 1111111111111 111111111111111111 1111111111 11111 1111111111 1111111111, 1111
11111, 11111 1111 11111111 11111111 111 11111111 111111111161 1111111111111.
11111111111111111111111111111111111111111111111.”)· om 11 1111111 11111111 11111 11111111 1111 1111111111,
1111111111 11111, 1111111, 111 111 1111111111 1111, 11111111 111
111111 11111, 111 11 11111111 11111, 111 111111, 11111111111111111

' 1111111111 11111111.111.1.11111111,111 1111111)11111111111111111 1111111111111111

(111 ⁸ 1111. natatum ⁸⁰st 1 · {aaz} 1111,ῗ11311111111ἱ111111111111111111, 11

11 11111111 111 1111111111 1111111111 111 1111111111 11 11111

1111 mum ”st 111 ΞΜ 5· 3111111 ⁸⁸⁸) mmm ρ* 1111, 111111 111111 1111111 111

111111, 1111111111 1111111111, 111 (1111 111 111111 111

baffd'ffist‘ffbfft Ῐᾷξὲῠῖῗ {gtffssgd'ffifffffusszfnffiffi‘mel' etQ-{53¹¹} 31111, 11 1111 111111111111111 11 (111111,- 111 11111111 111111

ἒῶιῳ 1111111 1111111, 1111111 111 11111111 11111 1111 1111 1111 m? Ῐξζῦέἓᾶᾚέ ,sswffiffi’tn„ssffssbffiz'ensseffiw'mmfn

1111111 111, 111111111111.- 11 1111111111111111111 11111111111· 11
1111τ11ἕ1δ1ἷ1τ1ῐ11τ1111, 111η1110111111ῗα1118 111111δ δᾶἷὲζὲ 1111 1111111, 1111 1111111 111111 11111 1111 1111 11111111
¹ mm 111101111111111111,,11η(11111111ῒα1111ὠ11η111 1111 11111111. 111 111111 .11111111ῗ511011611981111111111ἴἵξ111111υ11ῃ1111ῗς11111111ῃ11111’191111
11 11111111111111111111111111111111111111111,1111111111 111,11111111111111111111111111111111,111111111 111
111. 1111 111 111111111111111, 11111 111111111111111111111, 111111111111,11111,111111111111111111111111111111111111
111111 1111 111111111111111111, 111 11111 1111, 1111111111 111 11 11 111 1111111 1111111111111111111111111 1111111,111111111111
111111111111111111, 1111111111111111)111111111111111. 1111 1111111111 111 (111111, 11111111, 111 111 1111111 11111111, 1111111
11111111111111111111111111111111111111111118313111111,1111 (1111111111111111111111. 11111116111111111111111 1111
“ 111111111111111111111111)1111111111111 1111111 11111, 111111 111111, 1111111111111111(111111111111111111111111111

11111 111 11111111 1ἓὸ11 1111 11111111. 11111 1111, 1111111 111 1111111 1111111 111 11111111111111111 1311

1111111 11111 ,31111111 11 11111 11111111, {Dum 111 11111111,1111111111111111111, 1111111111111111111111111,111

1

1111111111111111-11111111 6. 31111111, 11 1111111 111111, 111 11111111111111111 1111 1111111, 11111111 111 1111111111, 11111
1111111111,1111111111,1111111111,11111111111111. 11111111, 111111111111111111111111111111111111111 11111111 11111, 111 1
111111111111111111111,11111111111111111111111111111111111111, 1111 1111111 111 1111 1111111111 111111 1111111111 1111111.
1111111111 1111111111 1111111111, 1111111111111111 111 11111111, ,

11111 1111111 11111, 111111111111111,111 11111 (11111 1111311111. 111111111111111111111111111 11111111 1111 (5. 31111111
11111. 311111111111, 311111 111111, 1111111 11111,111 1111811111,1111111111111111111111111111,111111111111
6111111111.111111111111111 11, 1111111111 111 1111111 1111111,111111111111111111111,1111111111111111111111111111’
111111111111111111111. 1111111111 111 1111 111 11111111, 1111 11111111111111. 111111111111111111111111111111111111111,111
1111111111111111 1111111 111 111 11 11
111, 1111111111 11 1111111111 111111. 11111111 111 11 111 111 1111111111 1111111 11111111, 111 ,

11111111111111«1111«ι 1111111111111111111

Mm- 911115111911111111111 Μ 111 111 ”W 2⁰8⁰& 1111 1111111111 1111116111, 111 11111111111111111, 111111 111111 ’ Ι

1111111111111111ῗὲ11111111111111 11111, 11 111 1111111111 1111111·

111 111 111111 111111 1111 11111, 1111 1111111 111, 1111 11 1111111 1111 -—--

. ...-.....- ’11, e. 1111111111

⁸¹¹) 1111 11111111 11,· 1. 111 1111

1111111111111111111111] 1111. 1111111111] 11111111 ”³ 11311111Ῐῖ11 111’111“11111“111”1111Ῐ“1111111611
1111 11111 11111 111 11111, 1111 111111 1111111111, 11111111 1111111111. ·

’1611111111Π111113111- ¹ · Ι 1)111111111111]1111111.1.1111111111
- num. 111111. 111 1111. 1 ,

 

